################## Histogram.txt #####################
2 2
0.011 0.000000
0.015 0.000082
0.019 0.001629
0.023 0.011619
0.027 0.027305
0.031 0.045890
0.035 0.059250
0.039 0.066660
0.043 0.068609
0.047 0.066993
0.051 0.064320
0.055 0.060127
0.059 0.055626
0.063 0.114122
0.067 0.063097
0.071 0.053299
0.075 0.043028
0.079 0.026290
0.083 0.024313
0.087 0.022062
0.091 0.019419
0.095 0.017614
0.099 0.016097
0.103 0.014154
0.107 0.012629
0.111 0.010886
0.115 0.009150
0.119 0.008042
0.123 0.006772
0.127 0.005189
0.131 0.004207 
0.135 0.001521
##################################################